 0.0000
 0.0000
 0.0000
 0.0440
 0.1173
 0.2125
 0.3232
 0.4441
 0.5708
 0.6991
 0.8255
 0.9467
 1.0600
 1.1629
 1.2532
 1.3294
 1.3902
 1.4349
 1.4628
 1.4742
 1.4693
 1.4489
 1.4140
 1.3661
 1.3067
 1.2376
 1.1608
 1.0785
 0.9926
 0.9052
 0.8186
 0.7345
 0.6549
 0.5814
 0.5155
 0.4583
 0.4109
 0.3739
 0.3479
 0.3329
 0.3288
 0.3355
 0.3522
 0.3782
 0.4125
 0.4541
 0.5017
 0.5539
 0.6094
 0.6668
 0.7247
 0.7817
 0.8366
 0.8881
 0.9353
 0.9772
 1.0131
 1.0423
 1.0645
 1.0794
 1.0870
 1.0873
 1.0807
 1.0676
 1.0485
 1.0241
 0.9952
 0.9625
 0.9271
 0.8898
 0.8516
 0.8133
 0.7759
 0.7402
 0.7068
 0.6766
 0.6501
 0.6277
 0.6099
 0.5967
 0.5884
 0.5849
 0.5862
 0.5920
 0.6021
 0.6159
 0.6331
 0.6531
 0.6754
 0.6994
 0.7244
 0.7498
 0.7750
 0.7995
 0.8227
 0.8442
 0.8634
 0.8802
 0.8941
 0.9049
 0.9126
 0.9171
 0.9183
 0.9165
 0.9117
 0.9042
 0.8943
 0.8822
 0.8684
 0.8533
 0.8371
 0.8204
 0.8036
 0.7870
 0.7710
 0.7559
 0.7421
 0.7299
 0.7194
 0.7108
 0.7043
 0.6999
 0.6976
 0.6975
 0.6993
 0.7031
 0.7086
 0.7157
 0.7241
 0.7335
 0.7438
 0.7547
 0.7658
 0.7769
 0.7879
 0.7983
 0.8080
 0.8168
 0.8246
 0.8311
 0.8364
 0.8402
 0.8427
 0.8437
 0.8434
 0.8418
 0.8389
 0.8349
 0.8299
 0.8241
 0.8176
 0.8107
 0.8034
 0.7960
 0.7886
 0.7815
 0.7747
 0.7685
 0.7628
 0.7579
 0.7539
 0.7507
 0.7484
 0.7471
 0.7467
 0.7472
 0.7486
 0.7507
 0.7536
 0.7571
 0.7611
 0.7655
 0.7702
 0.7751
 0.7800
 0.7848
