 0.0000
 0.0000
 0.0000
 0.0248
 0.0717
 0.1314
 0.1956
 0.2567
 0.3121
 0.3620
 0.4083
 0.4542
 0.5028
 0.5569
 0.6176
 0.6832
 0.7502
 0.8165
 0.8804
 0.9408
 0.9975
 1.0514
 1.1038
 1.1566
 1.2111
 1.2670
 1.3219
 1.3658
 1.3865
 1.3761
 1.3403
 1.2952
 1.2669
 1.2772
 1.3163
 1.3716
 1.4345
 1.4864
 1.5036
 1.4799
 1.4333
 1.3737
 1.3177
 1.2900
 1.3076
 1.3508
 1.4085
 1.4692
 1.5121
 1.5136
 1.4812
 1.4296
 1.3677
 1.3145
 1.2960
 1.3188
 1.3649
 1.4243
 1.4825
 1.5172
 1.5061
 1.4665
 1.4109
 1.3504
 1.3060
 1.3019
 1.3330
 1.3838
 1.4457
 1.5010
 1.5245
 1.5044
 1.4598
 1.4014
 1.3428
 1.3064
 1.3150
 1.3532
 1.4080
 1.4688
 1.5155
 1.5237
 1.4950
 1.4455
 1.3843
 1.3285
 1.3028
 1.3215
 1.3654
 1.4234
 1.4825
 1.5207
 1.5150
 1.4785
 1.4246
 1.3635
 1.3150
 1.3036
 1.3305
 1.3789
 1.4396
 1.4960
 1.5242
 1.5068
 1.4638
 1.4061
 1.3468
 1.3072
 1.3107
 1.3460
 1.3992
 1.4605
 1.5106
 1.5248
 1.4995
 1.4520
 1.3918
 1.3349
 1.3048
 1.3211
 1.3635
 1.4208
 1.4805
 1.5213
 1.5197
 1.4855
 1.4329
 1.3714
 1.3199
 1.3033
 1.3273
 1.3741
 1.4338
 1.4911
 1.5229
 1.5076
 1.4657
 1.4087
 1.3488
 1.3070
 1.3070
 1.3403
 1.3924
 1.4541
 1.5067
 1.5253
 1.5024
 1.4563
 1.3969
 1.3392
 1.3060
 1.3198
 1.3609
 1.4174
 1.4775
 1.5203
 1.5220
 1.4896
 1.4381
 1.3762
 1.3226
 1.3022
 1.3240
 1.3696
 1.4287
 1.4868
 1.5214
 1.5099
 1.4701
