(0.05)  0.0000  0.0000  0.0000  0.0000
(0.10)  1.4142  0.0000  0.0000  0.7854
(0.15)  1.4142  0.0000  0.0000  0.7854
(0.20)  1.4142  0.0000  0.0254  0.7854
(0.25)  1.4142  0.0145  0.0823  0.7925
(0.30)  1.4142  0.0465  0.1632  0.8076
(0.35)  1.4142  0.0915  0.2531  0.8278
(0.40)  1.4142  0.1413  0.3370  0.8487
(0.45)  1.4142  0.1886  0.4050  0.8673
(0.50)  1.4142  0.2290  0.4548  0.8823
(0.55)  1.4142  0.2619  0.4903  0.8939
(0.60)  1.4142  0.2895  0.5192  0.9035
(0.65)  1.4142  0.3153  0.5488  0.9121
(0.70)  1.4142  0.3422  0.5842  0.9209
(0.75)  1.4142  0.3718  0.6265  0.9302
(0.80)  1.4142  0.4044  0.6736  0.9397
(0.85)  1.4142  0.4387  0.7219  0.9489
(0.90)  1.4142  0.4735  0.7674  0.9573
(0.95)  1.4142  0.5074  0.8076  0.9644
(1.00)  1.4142  0.5399  0.8418  0.9703
(1.05)  1.4142  0.5710  0.8710  0.9751
(1.10)  1.4142  0.6011  0.8970  0.9791
(1.15)  1.4142  0.6307  0.9218  0.9822
(1.20)  1.4142  0.6601  0.9467  0.9847
(1.25)  1.4142  0.6897  0.9722  0.9863
(1.30)  1.4142  0.7193  0.9977  0.9869
(1.35)  1.4142  0.7487  1.0223  0.9864
(1.40)  1.4142  0.7775  1.0449  0.9847
(1.45)  1.4142  0.8053  1.0649  0.9818
(1.50)  1.4142  0.8319  1.0821  0.9777
(1.55)  1.4142  0.8571  1.0965  0.9727
(1.60)  1.4142  0.8809  1.1087  0.9668
(1.65)  1.4142  0.9035  1.1192  0.9601
(1.70)  1.4142  0.9252  1.1283  0.9525
(1.75)  1.4142  0.9462  1.1363  0.9441
(1.80)  1.4142  0.9665  1.1431  0.9347
(1.85)  1.4142  0.9864  1.1484  0.9243
(1.90)  1.4142  1.0057  1.1521  0.9129
(1.95)  1.4142  1.0245  1.1539  0.9006
(2.00)  1.4142  1.0426  1.1538  0.8874
(2.05)  1.4142  1.0599  1.1518  0.8734
(2.10)  1.4142  1.0765  1.1480  0.8589
(2.15)  1.4142  1.0923  1.1426  0.8438
(2.20)  1.4142  1.1075  1.1358  0.8283
(2.25)  1.4142  1.1219  1.1277  0.8122
(2.30)  1.4142  1.1359  1.1182  0.7957
(2.35)  1.4142  1.1494  1.1075  0.7786
(2.40)  1.4142  1.1625  1.0955  0.7609
(2.45)  1.4142  1.1751  1.0822  0.7427
(2.50)  1.4142  1.1874  1.0676  0.7241
(2.55)  1.4142  1.1991  1.0517  0.7050
(2.60)  1.4142  1.2104  1.0347  0.6857
(2.65)  1.4142  1.2213  1.0165  0.6661
(2.70)  1.4142  1.2316  0.9974  0.6465
(2.75)  1.4142  1.2415  0.9772  0.6268
(2.80)  1.4142  1.2509  0.9561  0.6070
(2.85)  1.4142  1.2599  0.9343  0.5873
(2.90)  1.4142  1.2685  0.9116  0.5675
(2.95)  1.4142  1.2768  0.8883  0.5478
(3.00)  1.4142  1.2847  0.8643  0.5280
(3.05)  1.4142  1.2923  0.8398  0.5084
(3.10)  1.4142  1.2995  0.8147  0.4890
(3.15)  1.4142  1.3063  0.7891  0.4698
