 0.0000
 0.0000
-0.0086
 0.0629
 0.2365
 0.4887
 1.0082
 1.9746
 3.4295
 5.2657
 7.2688
 9.2261
10.9965
12.5349
13.8771
15.1042
16.3023
17.5328
18.8197
20.1526
21.5003
22.8230
24.0405
25.0777
25.8917
26.4799
26.8729
27.1186
27.2651
27.3478
27.3839
27.3736
27.3183
27.2462
27.2027
27.2077
27.2323
27.2053
27.0445
26.6924
26.1408
25.4342
24.6516
23.8775
23.1734
22.5609
22.0210
21.5079
20.9693
20.3660
19.6838
18.9346
18.1488
17.3623
16.6045
15.8907
15.2200
14.5796
13.9522
13.3225
12.6829
12.0344
11.3846
10.7447
10.1246
 9.5307
 8.9643
 8.4227
 7.9011
 7.3947
 6.9005
 6.4177
 5.9479
 5.4936
 5.0577
 4.6418
 4.2465
 3.8710
 3.5138
 3.1733
 2.8482
 2.5378
 2.2420
 1.9611
 1.6956
 1.4455
 1.2106
 0.9906
 0.7846
 0.5919
 0.4118
 0.2436
 0.0869
-0.0584
-0.1927
-0.3164
-0.4296
-0.5329
-0.6268
-0.7119
-0.7885
-0.8572
-0.9184
-0.9724
-1.0195
-1.0602
-1.0947
-1.1234
-1.1467
-1.1650
-1.1785
-1.1877
-1.1927
-1.1940
-1.1918
-1.1862
-1.1777
-1.1664
-1.1527
-1.1366
-1.1184
-1.0985
-1.0768
-1.0538
-1.0294
-1.0039
-0.9774
-0.9501
-0.9221
-0.8936
-0.8647
-0.8354
-0.8060
-0.7764
-0.7469
-0.7174
-0.6881
-0.6590
-0.6302
-0.6018
-0.5737
-0.5462
-0.5191
-0.4926
-0.4667
-0.3365
-0.1924
-0.0909
-0.0537
-0.0729
-0.1225
-0.1733
-0.2043
-0.2077
-0.1880
-0.1565
-0.1256
-0.1038
-0.0938
-0.0935
-0.0980
-0.1021
-0.1023
-0.0978
-0.0895
-0.0797
-0.0704
-0.0631
-0.0580
-0.0548
-0.0524
-0.0499
-0.0469
-0.0432
