 0.0000
 0.0000
14.4902
24.8266
30.6636
33.5200
33.5200
33.5200
33.5200
33.5200
33.5200
33.5200
33.5200
33.5200
33.5200
33.5200
33.5200
33.5200
33.5200
33.5200
33.5200
33.5200
33.5200
33.5200
33.5200
33.5200
33.5200
33.5200
33.5200
33.5200
32.8388
30.4754
26.8545
22.8508
19.2802
16.6356
15.0115
14.1770
13.7342
13.2889
12.5753
11.5076
10.1593
 8.6968
 7.2996
 6.0976
 5.1406
 4.4022
 3.8083
 3.2733
 2.7316
 2.1529
 1.5431
 0.9319
 0.3557
-0.1571
-0.5943
-0.9608
-1.2728
-1.5500
-1.8086
-2.0569
-2.2951
-2.5178
-2.7178
-2.8895
-3.0312
-3.1450
-3.2356
-3.3086
-3.3685
-3.4180
-3.4578
-3.4869
-3.5043
-3.5091
-3.5015
-3.4825
-3.4540
-3.4178
-3.3756
-3.3284
-3.2766
-3.2205
-3.1600
-3.0951
-3.0262
-2.9538
-2.8785
-2.8013
-2.7225
-2.6429
-2.5625
-2.4817
-2.4005
-2.3191
-2.2376
-2.1562
-2.0753
-1.9951
-1.9159
-1.8378
-1.7609
-1.6855
-1.6114
-1.5388
-1.4678
-1.3983
-1.3305
-1.2645
-1.2003
-1.1380
-1.0776
-1.0191
-0.9624
-0.9077
-0.8548
-0.8038
-0.7547
-0.7075
-0.6621
-0.6185
-0.5767
-0.5367
-0.4984
-0.4619
-0.4269
-0.3936
-0.3619
-0.3318
-0.3031
-0.2759
-0.2501
-0.2257
-0.2026
-0.1809
-0.1603
-0.1410
-0.1228
-0.1057
-0.0897
-0.0747
-0.0608
-0.0477
-0.0356
 0.0805
 0.2104
 0.2976
 0.3203
 0.2867
 0.2227
 0.1575
 0.1123
 0.0948
 0.1006
 0.1183
 0.1358
 0.1445
 0.1415
 0.1291
 0.1124
 0.0963
 0.0844
 0.0777
 0.0750
 0.0743
 0.0734
 0.0709
 0.0665
 0.0606
 0.0543
 0.0484
 0.0435
 0.0396
